100
2.748617896051302 -46.53284261187184
0.19773448026312979 -11.145656490418233
8.46385747738664 -13.519619718274846
9.409166029351994 -39.029546904487674
1.809290850857621 6.816551064951561
6.223169414113492 -0.8319312702632402
5.361589883407795 39.7192947011572
0.5022521307524896 17.239722360714318
7.987502308033285 -12.014305656861012
2.497255119187436 -26.75601715767651
0.4904198233030854 -39.05600509807175
8.373655346956374 -28.994989376966785
5.956278462484654 16.803013965018486
4.9473842333759555 33.441615093131574
2.2986321808437404 0.6987520235296714
5.5974802917222615 2.6104506023367335
3.4249635120658306 -35.26158280327594
8.618985793108662 -22.36069142203081
1.7695263439936793 -34.90656973710688
7.869550275591044 42.882692717499005
5.067521757290152 -35.81323959738097
6.368445125917994 -1.471233153051024
7.388636609142159 -39.506803255282904
5.284765806556424 33.38813442098745
4.4516311410301395 45.928939380091435
6.686665791634243 12.7630711499489
5.276827157511019 5.004386070210188
5.610049347016803 3.230136116837379
6.061412557200125 24.095038381631984
1.466808304861813 18.138644550828676
1.3952056675739133 9.41916602823629
4.812839326366342 24.91784855306307
2.190883174017366 44.60433172282856
6.483151392055159 4.000486531452708
4.685183352657973 26.761648370380797
7.194228119362592 -32.87679364348767
7.721803606278883 46.550842295345674
0.029334787863404266 -32.913528212246874
5.193629639517847 41.92998092073459
1.85658782653501 9.526463006624788
9.044150931812462 -44.00407600874216
6.921625910629768 -9.04840038834243
3.1889885278938213 -38.00473398296471
4.674797986027341 -24.522008380333887
8.048807417047874 44.72470892158431
8.14159164149267 41.513540952965734
7.9520941445600535 47.57721609915742
3.3922822562246524 30.197854231344845
5.23121819622901 7.9779998964872405
7.620753261434103 -15.061510263005246
3.7757098916634857 -10.570447014806646
3.614761415788197 27.023267870272715
7.9152329870477995 3.636365813891288
9.92441684941559 -0.2400759719236163
1.5838805865836991 -7.546296494654413
2.8844391649679535 -5.651322982376719
4.805586024400821 24.601021946132494
9.568480024817816 12.849701432412616
7.14450611295018 46.153475337585114
4.1244492990385435 28.41227841296574
9.136075634528924 -34.83160769297102
9.086133056915209 27.51254997553525
7.985801833641024 4.4520079440986535
7.717658865289794 -20.015084846347463
1.0429089335515118 -40.473810493749696
5.820624121339522 -35.62721804091669
6.054894724944759 -0.8825869517218976
0.22006763554618392 49.86540639217534
0.6882222573876828 -28.51562332487522
2.305087905321672 29.234173575959232
1.9360628711661687 -38.01303980453838
5.01916922974255 -10.712384910196818
8.23622439888264 33.06478993362114
6.006687135801723 -36.663299019748536
4.263799382494713 -34.65537318469545
8.310981249997036 1.78747814608262
2.369694202280268 -21.653055430239306
1.8126662338127808 28.82875580190538
2.6911036516289166 -26.4664732428258
2.01791608963767 32.670940635363245
5.639621688378911 22.166586142759968
2.649529673156674 20.137342397019566
7.688913100705001 -20.974662764175704
7.4772474824045005 41.66916461970189
7.089898733999611 -33.491307005058005
0.9152119947496873 -40.02537898020017
5.144957838044841 -39.81682659007177
3.3478727374864947 -44.02970377956581
7.257179155915621 -35.62033857741159
3.7287416939963802 49.30770967594471
2.6151896839265065 -20.625936611409173
0.5535745251857138 -20.659220871659613
8.187824987457649 26.779134662736958
3.699113970420347 -41.85381601089817
2.9363536775809584 36.21841057733239
6.228847462209838 -1.682009943161674
6.28629056661945 -38.15241777483958
4.008082337044964 -14.957095751518068
9.76380494025564 -20.011734055258074
0.025445569337310125 -11.246111213080809