1000
248.9980208469249 270.4576885442174
187.952791630688 120.10972742908032
345.5026703029913 494.2428135760737
536.4570243423445 194.82264204284695
29.213756293841264 390.7786992774689
475.01517595485353 803.2351509615827
863.4570134774393 561.453535716667
940.722421924717 817.8976392551267
538.1836483518728 222.19507408988704
389.52777656947046 465.1005474318632
102.97728281228768 711.0203333599494
594.5779329336016 43.13649480495951
870.0105312854527 779.0837375243747
421.2182099580739 934.6386510347886
429.5753135382494 209.6514362331836
240.65678090949172 944.3777771423374
490.7494349011288 11.469339832096637
221.92302695779608 637.710285083267
191.04524487752172 658.1630985411222
375.97381727149104 274.5923465290234
879.8252080020197 902.5750460440177
689.6136657916774 22.62763041547533
163.18566935429368 215.62327223254573
704.4441302494075 105.36308289050412
609.928869896033 955.2783306280828
134.92623443721973 213.66308662513745
719.5223178906509 100.5750406749033
820.3393758963551 885.7701017972945
725.1083298483392 111.36511335489496
324.60176489909196 550.5054907239299
306.1543188900555 936.9859906509935
355.1986195678467 157.77344877203413
878.9293261000255 447.23638664463203
834.9362941257643 55.33953472808739
581.4021002778455 677.8354903118709
357.03389449721135 592.877433239842
366.1585529857043 826.5290381046738
852.6672517834342 202.92296734584303
243.38315052690706 710.9349631997081
982.3605347377351 967.5669340476787
933.0097297501114 324.03126898944845
486.07572925747047 695.4495443864024
636.5750341528658 461.910891698931
979.4811226719431 810.7914044827311
620.7463349098898 698.2277500321212
617.47153954046 392.6852085469523
849.5189118838687 161.4871717364479
492.53744549739343 518.1283745440777
962.731995179068 970.3759961062299
374.95652673934285 247.4610324977815
446.64145398489484 957.60449402443
257.60159199290445 147.90446359796493
430.95875274660943 962.6902034446628
231.63874606947843 104.95744267321783
697.116920674496 842.2350283742477
147.8811801376849 625.0715638815758
631.61732462837 689.6752944368492
889.3945154567324 74.15762629900979
116.07574526713948 998.9355732521338
90.87287881651851 438.7886043064899
683.6162545192284 98.82745430812645
622.4150849074832 14.246645266567048
965.126683880896 852.0528295038749
707.7482454992822 264.89998999492025
204.0731621688785 70.71142175892153
927.3814909625726 83.20068299899953
233.75591819681895 9.738585398532118
87.16585485998473 544.7166708113198
806.9162758480633 535.9614849230265
363.97482200757 700.6206993287057
326.92131296788716 743.0018628362192
94.44772715787586 334.86246486654437
286.9054101878905 407.63645831972497
829.3974350582225 154.88762952615787
21.74639254467614 223.99951305037246
901.5247644918958 415.4744994861879
108.58900442486873 803.0508440068753
738.4452127482007 573.0588297260513
449.29520633798114 434.3351789395813
421.48869849044445 706.7893371679395
757.1699862609548 250.92700114290545
559.9440404641521 306.10626992736155
403.60458490298436 287.11752619487686
413.50654095309716 248.82198866137804
116.49552534039098 828.8553908053475
460.2622670038328 773.2676733447528
982.842123013505 141.70743253222452
856.3090585703839 379.58808167094935
633.747588913423 808.561212347461
929.3358927394981 798.0501574206289
643.1410932000516 446.7634087027699
600.4244458435064 824.7878816023688
850.6770820058214 428.56912656501464
455.92579281329137 189.36433339532854
674.2961296461829 353.79943552529136
306.7198658999943 957.5133179463728
547.3530551056396 443.29524435161073
467.84919995128683 759.5075093271204
876.5826624803652 899.8394926663705
180.41958290928272 368.88546780978083
588.8619306481537 278.16779161825656
727.2820974010785 128.73147331604295
57.945678036795734 481.3803830668715
326.7117917082567 570.2256827544813
543.2614429344271 846.6797779136441
791.7935370387423 701.5277901184687
300.64871433345263 987.3247163508021
621.5405683816475 484.0026014638967
43.02906243778048 337.2599066696709
844.8944711680477 672.281042686224
640.9932152774254 30.944354790803263
443.0485752385058 836.2392934862273
220.65457956784763 571.3017166777607
446.3435227512582 96.82786128996712
315.908816798522 124.81753150312036
273.8772673612384 411.7524849723979
823.4033574096185 556.2170994352305
824.032253755554 825.0239564278137
858.1527296499258 616.4146165074127
335.1676555741083 717.0587180036838
852.8373502474101 737.0790026391771
751.7004788641923 214.4072401517727
351.1049372290087 56.029603508510164
192.00866230430714 204.04923488243054
951.7600493225137 215.0390076398161
933.0824811265472 599.4702878601563
791.6577742484089 231.79416756104087
715.6837316210684 767.613921728858
479.4869465018072 67.48875206425598
221.8249231535201 743.3764449134095
797.1159566875942 667.9901896341042
684.9790552302514 42.218453522709034
460.41367216438454 570.8830269107063
771.1329621093048 768.1167814571179
677.0486443287703 604.846709945017
553.8087758509829 548.7490424048362
746.9942264865192 618.8836904164148
83.10201208603551 262.7883890806486
278.337963509719 658.040126993704
786.0833583559703 962.9929772619807
352.68812158696704 966.0721251851152
770.9843405867225 556.9705649290609
479.9268474289138 609.9147090768038
295.7646461589625 742.7187458213104
492.301739751958 776.502087702878
342.9653565461035 598.9563503848698
472.1576824205427 194.29395357866497
348.6371115468523 182.2905868027318
540.5497539534043 728.1394147665098
929.4109185792104 167.26714249063335
40.440416614652584 328.97978494359694
536.1764240674203 584.0261322301592
421.9484854342681 769.4905090525368
960.6811241663024 922.02590271266
100.16131413239138 764.221574197471
992.596762303187 917.259674256097
702.7297798436432 860.5946923932872
449.07845434329084 111.00586635364395
961.7591615128811 95.99983077393847
758.5208623362678 612.4233335626054
955.6480247062838 825.4184402398197
398.46173017988474 926.6245777109245
126.01180908104048 605.4686715553144
722.7168100618293 646.0371644328009
546.0915079709155 132.0728135206599
403.2352926316891 415.5141323188525
443.8403234722554 993.1857462538613
525.5422635661442 61.933930530823304
840.2940474021599 633.3604431217803
336.8207379384296 809.4475544885771
219.78683830395875 75.99352486468037
657.4096099872553 220.90774946721913
607.0667559659204 902.9963336929987
663.1104748300569 812.8095413543494
975.3665329852856 508.5643136781606
443.74585622008755 549.3100281891858
144.00081452349588 632.7951090960635
359.0429866628708 1.835939672314213
753.7685164219901 299.1914209433706
353.08013391117487 720.7896329657224
630.0648765995984 208.67027931151426
24.08511286694104 566.1186742002371
819.4796177821762 651.2571459691445
55.43368740744459 478.9640689652461
398.2993445157292 612.1348756701163
695.2466111288173 895.2052334267117
994.8089916658915 108.7256671500627
85.24536372793557 210.15241546293285
966.1750603863782 119.27829499989473
619.167741096192 484.2601995641935
525.0796540973644 190.17729779611335
175.40247465442604 34.52504641419307
634.3022018267848 83.62576359497464
470.46110754608895 638.4619243514742
432.0668827742562 702.5683513824168
473.4820893319971 550.5657522519294
984.0390748258378 820.39208948311
743.6745872504014 481.03321681363064
231.48691562403377 806.0427374415933
310.26038269768577 725.5312467637123
804.0902889514725 143.98006384621897
477.45485008854496 360.37624004560274
199.76223509075996 402.67002976785807
654.625529254871 493.56600588882935
339.2812679895874 120.90327890999464
43.88991141762144 849.7220036964675
406.204904091944 472.2069234571247
89.07890777193029 153.15750665114146
864.0994956492611 297.3035564650281
678.0435129721872 9.526239694257699
829.2909244340956 177.67512577178414
83.05822892592319 743.5529857870138
657.3621050093226 63.243153565282206
87.53152846564238 849.0456189098107
349.19161644849606 558.5999559838974
374.8913452081779 441.6486779064295
906.5758916009281 469.42220684827674
311.7940276436424 450.9030899858935
385.6046637688151 908.7570875360256
630.9739554225627 899.5390755223572
973.0195695744873 620.8248742360687
609.6377353690792 350.92358065860975
222.73647634247794 279.284495708235
899.6445649342324 282.78135197638244
596.024538736 783.2926625651297
331.43985494433826 879.9770460946304
723.8630116050764 25.273963083779716
335.08717035754574 617.0929438848931
121.32106313772684 860.2955782757671
445.3659882734786 338.27840939724155
851.4385211404174 912.9127742968936
405.0109795892745 311.8641086848508
332.0247514768224 652.5826138211777
516.5500006638888 678.6390014610872
699.7508530714367 799.6548200893934
482.7457685059313 640.5277349311691
587.8576403795295 399.8421821022684
448.4280957504949 153.5376551875456
377.9189834557979 965.2615417329608
870.4102381440352 595.5017440620356
165.52980211089684 197.94072532229845
339.947499238118 185.3818050002367
57.47681426341566 778.823006263361
681.0403352409451 692.7437598056514
81.90119823935582 578.919195374532
743.7554889583303 238.94418379070137
626.0411902509142 538.0724765420755
167.02139527999327 736.6597801066748
824.3999804253525 102.5906157975358
825.7416608597264 830.9028286435467
379.09846326756093 974.1257787000042
24.083926471173633 974.7791321738932
856.7749433943317 972.1076311591379
405.75745903737845 761.2988194005517
795.5250063024995 547.1900130348641
491.54785014448765 669.0160457627256
834.1997876355239 270.91315182056206
808.7619989523822 930.4783811713199
751.1641836982296 169.5908331708298
538.1948216260253 492.86101595701837
72.87739462376908 1.933983051890964
111.40013407947703 406.92263321781974
92.71995866749072 246.32015853151313
962.0176399848053 283.5386404140552
692.2544314966063 938.4254261943989
753.8741240113444 917.4721064594631
980.34045884029 979.8153541010059
422.0827129595825 538.6152412871344
890.615942917451 871.0363753522216
329.69849248971883 828.2390081369495
802.1407486980859 996.6393590396865
262.6151373851733 434.23328697241857
125.82622414381595 523.2192377611691
100.3611965397806 957.1540845949303
459.84609099337325 820.6844714738181
88.49009174266386 245.1870415749824
916.7278720076634 299.10118551141295
3.251749516500535 772.9509517753661
94.80474770040304 718.9740415992865
272.08446242129503 518.5533133743205
819.7342235412299 228.62844908874914
354.99271086477944 93.75935439133376
893.029767317626 595.0788728849616
385.2828882724564 982.7107197568492
163.6969674642612 938.65896863548
548.517743955439 726.7210214231548
242.75064853503747 990.6318754451991
354.18279146912954 326.21740768648255
187.65535631138275 2.304123306917649
279.2189679600061 468.29404684804143
685.1709634061071 383.90633219842306
868.4109539912788 350.50557818138816
795.9001418981484 991.7347950845005
888.1065647449358 143.92330980718083
826.2953851565287 727.6969315027155
865.8496981554937 993.4927940916155
53.41782342477863 475.1847434609822
965.8876076813124 744.3523632473103
540.671201249553 331.5875977395666
279.47695227364824 179.1131788403686
517.2140515524552 839.4553062182811
853.7008203614054 74.50975453273978
884.6979345631047 51.4074546553267
542.9912080646118 242.84705147701
886.3709352145177 922.8017052808517
601.0961044610732 523.7555446969504
822.1850160316573 455.81783394698203
312.68751191754006 210.2617106567646
425.13943139463504 409.08553532744054
234.54334978156166 231.7556663886122
473.6458650432378 236.5778081674661
177.43115533906595 674.571244651415
124.4600554933748 535.79047055592
490.0947713824717 921.012177874727
888.4879899016224 370.55603713133746
15.487878744224082 584.4146947926903
401.332132908977 404.57374821537553
790.3494590350548 629.6982825548158
632.7209224081507 836.9122552502859
646.6771151363296 696.4055010846015
178.2050404396187 966.2496338225193
505.251569489227 213.10511256568356
896.5231563578686 725.8960506164789
829.4512666763962 428.13086514697704
234.3388210045625 641.1718066222238
91.12173717217465 997.8102799508677
772.3448488899292 410.9298381858166
781.5993300689883 992.4540963065626
468.6565706477366 715.6417662564583
253.4007430423606 868.6918213652375
47.694632102669445 688.2576208571336
46.76195606015643 348.4017713812444
595.4003085576168 169.79001936083927
530.082369529507 495.7237030099033
359.09696050201643 18.798367014043915
305.88377333417816 690.164563331825
914.3908180231865 908.6965875030693
92.19885858973865 107.21360346389419
889.5842951384075 285.2154605972086
621.84884656929 583.0474213879504
768.1219348746879 716.583120900268
833.798486102231 303.3915980068962
207.33734117766423 43.89923229584048
258.045492765961 487.3525155430298
932.23867584908 892.8373413885294
244.07019666371355 957.2818502704168
943.0768760032022 778.2592490674294
532.4043920795672 525.1427633333985
997.5194863383068 252.4868517946901
661.0744105490079 479.5917958693223
180.67812813780694 281.9014921205156
292.5505845613736 721.4238319448922
983.3196447890216 18.73770722558521
36.085124268600886 171.24750005638
129.028918167285 178.02085322211792
347.6884763673995 452.77321686457617
423.554572518535 71.10596341032682
367.9506929623384 583.7664424754363
356.8802551005157 82.22816657819098
196.56866602977095 491.94638183431283
282.4615277006723 385.4147601337334
733.5128267923701 200.79718997823727
507.566456362232 548.6544663951267
632.2512236662294 423.7169333919819
332.0495600980005 342.9854431678745
20.155195096226652 274.67454443873527
327.2608596572131 460.0092621211336
473.5808815912552 791.9075220229926
801.7103429861971 749.8792695527508
707.2924113996432 598.2495042552467
591.9063965280307 752.7208095771465
602.9789212218109 120.27552916846562
418.36368272027255 611.803997912975
729.8764350700498 862.4216292550648
288.00895048379994 351.64568548569684
474.8081463376994 235.66891246566013
735.8601064056243 806.458986483956
269.84551130210986 492.632861012529
499.9852501616897 903.7884356158248
59.11440752235819 683.0681891320319
95.29992640149487 445.15273315074325
664.7039371203623 458.0798962185395
384.8824193291309 232.29529555215933
749.6436713710899 300.2053239707889
905.5543043086087 463.86097265334826
425.9160740282564 324.1041048007891
546.2842826564149 525.824472186684
765.5974397113197 420.7070091816403
118.38683020966245 670.2761493704687
431.8733044616154 153.97654587908494
368.30092578909034 43.522411039799145
535.5474783377314 625.7659355462133
481.2461520077127 470.02430415010264
471.03184273324473 522.127094409532
902.9705645934843 56.100896035066185
650.0647436467146 342.8139686383782
988.5380327335704 699.2421270473308
7.870232720418091 901.1186769597437
193.8887634582751 760.5711322860786
748.3147739104412 453.4055037494802
75.59226927638818 13.501891228088425
706.3557677855432 360.6626894095317
117.79605905813017 438.092016770379
425.02999436668574 388.11379657166566
483.67672612871894 868.0640192181794
575.2891556716817 973.9265088797855
315.0663649377936 920.1194357440943
510.52680312839385 471.19701728930187
750.7379325718175 183.80315211452825
804.0416403241475 297.5238184205964
308.3131085494586 614.2513304813273
819.7129974338922 887.0631083583627
17.649199017955695 340.0481569682341
7.400908705466724 633.530253906893
950.809277889463 248.19641504803536
918.348092573597 757.4845652488362
337.08017911824453 487.8179930411246
14.23027043310432 297.21226698005586
940.9644302535191 90.2982558628056
634.0229835803182 327.8900266784501
936.0045334948074 743.1705008154237
890.2716274413763 309.3617049066897
578.5100724386416 105.71977506963304
429.363594804824 139.92158564255087
354.8927404358744 513.3014891401037
428.8910275615214 185.8819430816987
249.7898925432991 34.50800138355304
507.85275788261816 83.88848588007502
132.1373836410551 109.10966213293926
948.2722026236254 367.7062648619087
774.5295067576186 313.3555391654153
286.3797988682522 310.8216929143746
826.5804761748026 208.90370473563215
697.9206000886395 501.8187796943887
3.9233210788547357 257.4697437810678
137.73887030115793 662.7306691440647
333.13785476398783 101.12332041077465
902.1175700958781 3.2736061928972937
406.4481920416556 337.867527567574
250.30261202717475 303.3947179917864
476.09251195108305 96.70748400773887
500.38109776535487 973.5961416245051
939.4199295648968 887.5174422066194
602.9705447541168 760.9960714918253
635.9652254074452 28.323102447987523
886.0386942352494 987.6916526308044
148.50750195668593 181.70892649845015
551.9431260414567 892.5257063030874
996.2316258925628 537.3788563960957
126.34293304399891 756.7445526146747
171.3368642354791 510.9626542120982
165.3535977347993 567.523148761281
527.6819747156809 182.24754602276104
95.13827502681038 528.8384787796973
866.6420294448558 893.4346130221935
658.098049980938 817.2667762146315
465.8196039939679 0.793296007482791
917.2930260529448 892.0667240131701
637.13570571894 530.5448475205969
9.773987480036883 558.9760589792365
11.104888890270503 974.1672820774384
696.637188030639 970.024073217336
963.2562084925644 458.5848430312871
984.285768136506 10.009234800736566
691.2920792767236 459.0568429207187
320.4928149780868 741.0544875215379
815.8282336735821 559.9386553361969
548.8121304604332 334.98279326840554
516.2879664358362 762.5707475774766
471.4443980120915 46.24351128861459
925.5195406893333 131.3739747739535
62.96263510256228 220.91055344646526
78.08556940056799 833.1396571452681
939.3608825273427 22.021070389040442
747.3678935950994 569.4834195189444
872.274153792022 320.8150997018533
476.35161346943676 247.46526244264567
155.96179723604808 628.351535850639
232.4548646371587 967.3640043418703
479.4518605817677 683.6319128537367
361.3604946252649 714.8454508296285
544.421956345635 202.62861973656032
304.7656968793111 13.389169571623949
766.7256040156238 780.9970382556222
967.623466657465 775.0982000535065
569.92955516763 936.9638824551048
205.79711095544084 916.3555139201108
575.2711656929199 759.4332377060855
796.5245967642322 434.5119477931581
616.7321471573357 652.489463725838
854.6185345112339 905.2637342804852
413.4772218215008 144.41581564973572
127.68607473462423 216.59805776037723
229.9428196264659 209.1150545309586
696.8724416567862 317.86499484122623
893.568161862627 683.7983255141564
985.9026756893272 171.84785553942538
103.86834156327684 342.55759736862103
879.8538055725127 920.062942908134
647.4949938512526 287.6567877406364
722.0739520716666 662.7159532464368
275.01968625016195 514.3420009043011
721.2092268402038 778.9634449308695
616.8849329244143 905.5568861452921
77.00889256443078 795.927077367792
471.28768303282607 421.319108799076
349.8391262016423 692.6669492497203
711.5899766634428 283.05736885190447
269.6007170457222 26.536350942360176
45.29312641521743 380.45149120080833
2.0623702913409314 654.6485156092632
119.60920391497277 224.85309863642632
677.2729803062481 492.26557226834865
608.8675599203979 47.95848280776016
657.00426681834 395.59492524773685
607.5410055699701 789.2205960967544
449.91435232836665 800.0178886185146
183.0687007125553 703.8320704564879
815.4658424642938 884.795489920744
525.1189117216477 471.2286127278704
24.39498572949961 977.7641914883015
385.88471651263313 46.494314157536685
463.7477545006923 933.0085010855848
202.17593555577372 13.74350423560089
805.118560022231 620.8713443075176
895.1079499833012 213.39896948082426
383.3950393070562 933.0281887045602
836.260480299976 135.99861884557373
121.68294562362503 735.3480307476767
716.9960833053198 321.97288883275957
997.0693713373485 396.8629579971541
183.9440715003171 11.201057728706054
231.50623894445621 359.76140458048667
677.0562874318158 985.3717149453003
377.99014980739787 736.8722111591692
256.79083069049824 562.9575760160692
205.69227870260565 960.3084704783091
619.5610016094784 703.2153454066768
466.794415321863 201.12990589293565
67.66502061638823 574.0146268468551
963.2381746603671 713.8097075954884
845.5000633119614 142.8093063907121
544.5603689107032 999.3267432816923
861.894328202762 72.39952031190522
243.580453314193 24.79304864266174
41.275524800850945 369.87546946682625
952.6789969601135 129.21542500947947
7.531741218304688 925.812221124583
432.58375037504095 685.1966589866051
382.6336414220239 573.4762383262573
568.9895612052034 371.43461240394026
388.51281152698226 227.88191130828574
971.6715373155049 670.6401599921948
152.2206617076083 742.8664208651197
875.4391040549352 428.050780501819
686.8939559507512 957.3445577845891
898.9797518286482 837.3783554004974
15.503788144901831 722.1422705194547
572.6529554219817 269.051603346663
448.35598987797385 610.0605325974852
648.3301611456593 384.945111255089
455.68689137271167 134.0841299379125
303.3354409635385 582.6837992622576
148.3994710439045 125.6483276327407
364.32759118074307 189.28936734225243
83.96333097970144 60.848851964711905
199.9726490397613 411.75011815136696
576.6366467710521 244.35660451192055
848.2394759598466 726.5613518384287
299.23441087024315 347.2475621383715
74.02730293126413 32.08485344806067
301.78992055849994 156.80175149582243
583.1912682224722 997.3942349848326
30.108741332231624 676.1765880393859
91.31356971348082 659.276374964412
172.99766276807915 476.09519838960557
855.1459979539617 652.0613459409315
806.1208363405281 33.36755941998426
668.6585461620642 645.3952820138788
630.0968748320532 386.58730988714416
652.3274654899367 926.1830044337846
878.26641425373 503.2121600211266
760.9734101197685 282.10044380507384
559.7931173220175 56.54213251692441
502.05862601020357 107.90617269341763
71.69181539847847 854.4046671588566
695.1689091926312 50.4121071047483
851.6564849254455 167.1577674193594
937.7478365144565 536.7854031215844
724.791139802958 751.7847943049858
157.48564232461626 929.9112587083536
391.94889461385407 986.4430981099628
955.5708165939456 833.9440372241451
46.278138655681865 748.3835672970185
465.8305361190507 254.9325868414778
789.7437793132444 533.3770531665707
156.2079663178526 601.7560015800502
31.516636664882913 742.1057447340496
448.9234420600665 392.87539362906233
114.72666781889917 408.4348758966421
900.5816669036184 498.32283778579153
313.05465531936073 671.7775484135493
898.3820817118682 665.7723060159934
798.3282226255787 331.5237997771698
372.6635910119194 639.2877884500723
537.3347351560828 830.0318710289179
52.31527266475289 895.753411707202
160.88911938438932 126.82544258103756
879.9868710365439 40.203785283404294
963.8508696562125 796.1143512411404
983.7699861537836 956.7630016100305
687.5698264678281 729.2219392340038
545.8429460823238 713.1196891951912
638.2333777437701 576.2265354567253
997.4781050013346 524.8960156578665
43.249183377042975 383.287779671422
325.4105123986322 111.36796224260537
912.4956905542412 750.8048066793675
545.5268183911705 491.08388560957405
846.9164589768523 655.040742263244
225.0955434877202 324.5745660824613
68.4265471297656 313.1531564173997
959.4356660729451 524.2359803584968
323.59708915234785 393.5458289271807
42.018524976459524 691.7206214905816
933.7405361527611 167.71918020560284
49.20086706662485 657.2950548500625
497.6414273136205 5.425910587153249
419.97064162199524 279.4774982235615
192.52587727091242 185.51961785985128
471.0817815203634 543.5219839028787
124.60373917371692 681.1360393710574
135.63866308236405 400.68577716881015
796.0944845810607 368.1911170099119
929.9985745914572 650.3006323180582
789.1311060705259 860.6502638099319
325.39609312300354 861.8666323558757
936.6997928112479 763.6115476868073
794.3380959007875 415.54252909063496
18.944579119525073 556.2183711974104
258.78367224184996 648.9500303178397
236.249190006808 389.61171819869156
267.53581861397555 235.63159796120203
49.5284146213133 52.870659840272396
699.1371753968947 309.53633054709974
447.94888022417047 78.2855942881786
989.9199734447219 509.9685694674123
868.2632006828715 739.6288968508031
321.52893455650576 58.28558000999329
245.10829248755206 180.49575312812104
46.13674956639002 825.4467205461899
265.1732691991708 8.562037028779113
22.55073380132755 133.1503567686958
583.4881898712059 603.7514422904518
428.6997776640375 836.9422114657492
707.2824309265635 744.446023261136
502.0387006007629 681.5002350309935
181.49292493230206 848.8654314130606
564.9188047529194 622.5291297588391
606.3407161158774 379.0253872884388
31.98015041072466 599.8383688986617
196.00494371469557 548.035878655591
871.7574334192822 911.3671454399001
364.0817903511249 91.56485043738472
71.6987066521142 686.6712173864343
133.1731823821245 313.26542698004675
933.9675443439768 939.0126835954482
46.792516720941755 166.02585515906898
995.9201661672274 95.63991989038456
739.0773723511459 420.75870138332203
273.8723236233178 329.5547338039777
280.35978484772016 607.4394621413472
919.2992705281129 599.0815058090318
112.0833674123265 142.00706859771174
861.5494837966946 72.01694451917007
883.0235213618009 792.6001821284099
589.3363646258014 306.3079204066175
340.6905604126538 735.03370837428
351.32297264576493 922.5720213557533
821.5896373404477 751.3724556919368
378.990942175327 361.0804067937914
310.69844350667597 933.3643899714375
139.1466273459272 911.8647743024726
974.9009848521581 45.75325329381275
560.9328140205016 566.1754705353475
298.44180636982196 195.81030994367433
254.32184308955752 969.3600587131727
492.10772140644286 595.577253804978
59.48305523241637 276.64268383459523
311.54513645935066 801.6665895290988
93.49388865689346 577.1135433622685
776.0266377507405 305.552018421811
728.589677291158 71.32111815384623
637.9612738237046 518.2411920838707
858.3554012132334 964.1174868558087
851.4584249723056 161.28719150449245
400.7200701869109 305.4651030931326
175.074817828782 456.47431454735954
801.0075786238322 839.7957604207918
739.3499196988063 839.6134065878946
883.5751458666492 278.45125810121954
389.88563731020645 144.27685756590725
377.4793332022479 133.06431768713423
620.4788519051931 478.6941736472181
175.21605292591548 774.637527821654
805.7105712781088 213.1687694338149
80.73662802494775 848.3885503791362
279.3298410371519 244.56901857326497
171.3893800009205 70.51885474666153
789.4827071399939 787.7832733689298
210.8818545456774 896.4871288337714
94.22442707554369 630.4409936925865
693.7786382052711 528.8429966270187
372.68750815078056 428.8692128611764
995.2441213725181 388.6105941960285
741.4424570684515 995.6491144082844
270.49708649176995 370.18119036290267
487.13855785613356 817.6274239690126
449.01858227908286 36.62641847573944
127.2700256781829 484.94688692508504
275.5347822931675 355.28104691322505
137.18298049322186 253.3889083205889
599.2680763190779 219.5645428777533
422.4782946896044 256.61922508708113
699.1257217881946 459.25063213713855
588.2364893302367 118.46947545504305
727.3228405742411 86.62494378319874
463.32727116545925 255.05139025822254
427.1673385762591 663.06489970762
670.826844578906 275.4812559580873
1.2706431690290287 672.0064780057264
214.2425302937967 26.392413335875055
514.1093374796624 607.57900720457
265.4791306133273 500.3728086089585
174.52072317811962 979.6616241769809
459.4795274431449 744.2484134448799
15.291069076021069 814.6384274031647
98.06129824729726 570.0506383875363
143.3999148462286 687.7231622747164
757.6232353615746 450.2710116684512
761.4906357016126 233.9943099408337
644.1739043201109 554.0124265754978
993.0810737456393 429.5947691727553
516.7174448810262 653.7725100709113
358.50971604919744 481.18883730358573
64.29185746860311 402.43650058345423
449.4751712255707 540.950372082827
683.3106686944534 548.2155870431784
95.42611001121016 271.3870784570431
738.6321872519839 470.7430009393752
356.63993602930447 300.27239726208467
287.0538676764944 305.53821268625956
630.9243397742555 18.621826613705483
270.7205862052779 513.1957246512469
743.7003219065268 280.5120324707329
688.0045279647953 133.888105703051
14.727898702525444 895.7296334225599
157.01172441575494 803.8122657337725
902.6484502915459 10.479349867743792
532.2530781794535 827.3353991744401
468.3408943981373 970.2588749564735
329.17307119938255 542.22049140831
734.9296075670845 524.1781104600469
492.95690848998674 461.4785379415942
806.0817449773057 574.822684458715
783.0070951308869 579.4470082077898
841.6538887305163 120.88458138607594
783.7790256038588 594.8920613687336
422.56644217217377 976.321345936873
582.6127533713694 155.83387538688066
243.03442843210289 616.2071844682257
263.4752844370225 4.547461821331922
955.4762499231957 423.6983776919985
622.0549381466343 199.3716658398428
561.4078210433166 482.8172657505418
575.4917149653453 102.36465325284084
405.1170269122384 519.4240778108185
118.3575377828725 886.000331674862
602.547812676986 61.58226324554561
876.8990589295955 370.73942336268215
453.7912359215088 977.1647233938847
288.91358151057386 300.671219436212
3.4737614575910403 315.3958454032573
449.91125327062974 448.39624378553134
547.0860754307525 505.86070024835084
695.3452525483561 250.9437146362805
582.039404309486 253.05087397791027
478.08357311575577 671.0328540876567
93.33429034411034 759.7715252417335
765.7624564268119 497.0026582940601
723.3629236518433 321.71923866840024
295.7725081463121 943.465221872297
390.9222921983402 206.35254740474784
772.8299596801215 796.1770570137834
613.3661954954397 355.219250647437
827.4756764279157 657.8426516260894
426.64064025573856 644.2432858701757
740.199381792328 980.9160095425613
67.10128081127587 168.30977851157013
491.8245411608857 118.54222819702164
51.152519257094966 731.9175787823065
39.382903054530296 265.8013055367503
538.7056805043926 158.36869432257194
249.18885466607145 599.2682642129257
276.13280717107045 217.1263584405021
515.4439149504058 825.9498360869125
681.4528698865461 680.0113707281826
579.7835085726988 704.1832870978519
841.2345607991929 125.31522058071532
921.4006795939225 733.0912874894693
215.07589857385832 177.7119198125745
443.9392592025542 542.8546472106482
60.932511827083815 837.6201778005759
888.5268245377484 787.6721605366839
504.321178322666 64.71816831374878
774.04908446297 567.9649449285191
369.23640529126266 651.9808753997263
720.3480303409686 347.86883348246954
678.736245558953 383.51435534743985
942.3460060818778 662.2933422262247
616.827222216386 63.02978297537454
869.4550187174706 877.1018005208748
624.6950188382849 946.7145862261189
314.9659918095349 898.4940373222407
490.11156514006893 850.4104925096543
678.2861991797184 711.1392925101625
471.0655674550612 136.73912622434003
8.84155642012563 248.1600189446449
106.77947409910016 268.65153018439145
749.937758039739 26.479958546909764
643.1125540399491 225.7631550013024
888.8464564873095 657.5979525675151
227.92130035315395 470.16774600702746
327.17741363036646 611.0947988594208
121.7081326057543 550.0029398031747
607.5867453732433 940.7341366564328
522.3441044242887 411.3522899096773
16.354430862622227 430.5384174628937
868.6470632812562 743.2605094189273
448.9159672337837 466.5184895418193
26.943208366301484 440.8394104446223
700.7858480093498 9.818167075493767
228.42604463173123 748.2406531744339
477.679371717167 61.99047440074135
649.5314630740338 254.6715627747247
987.4600301260152 111.27908598540427
134.05713574143374 695.1348259337689
240.16638792460455 64.44461501251331
18.60479075578514 25.015062699710544
664.6791289317913 955.451172236614
227.7902834471368 174.5265584425426
142.5014969559164 258.04809240852444
484.2591423327027 745.2698383658944
237.43056970525654 430.8122304715465
619.2431207875082 969.5159238713704
975.4957701345703 791.8011896460815
10.934972098478601 773.8200493162126
155.95637411948272 257.3364526423234
718.8033899569757 294.7811719878448
664.0136663500992 845.1504981234364
766.4100777261586 120.69130062642652
660.6073918722961 257.5368835050884
755.5391982224306 335.61633034759365
352.758384687847 328.3905217937022
853.0307804449515 258.6909291722572
51.61065861420244 935.9567913146551
813.5777948961431 215.7734673829659
730.3472000680207 220.31411045851024
759.2150274524703 143.8575829066584
848.7898408239547 383.96354011366896
131.95676858336404 401.7901594472557
577.2011079225425 478.7074996059055
665.762217309638 315.39255397739475
751.2394462313703 951.388643768666
404.26139004327257 691.6508851060872
422.5130948545834 381.19742119955015
440.998612602415 724.2002077806009
146.88920048232455 230.1982222445793
334.33786541701016 969.9271429353569
174.94565298582933 18.868781773390353
787.9319903925885 41.83348727660263
678.7450829327574 992.8449808446695
645.8896355180051 948.6815527470014
653.5549093000172 269.36043119247046
611.2623809609726 447.9357796462431
337.2430468546359 165.79902850156935
308.94472599083446 838.6944177660902
350.54227715365283 262.6287695937528
721.2183038487725 752.8161085839662
410.0874741017091 761.1587543959268
782.5830441274423 97.10241218204807
925.1101298005213 339.2366929183277
953.4889823329755 910.8494873559185
428.6438750589261 793.1784762095668
277.90342344606825 891.3844116479022
0.34542522118297114 571.6158703189607
853.0446626875959 889.091571647306
398.20103162901233 750.2165168506443
373.48699308169154 766.2218044091849
392.8651805786765 132.19672505901792
352.520361301788 520.1774829820857
847.8035955292311 336.81107037886983
177.56493495161018 491.0229477067598
559.4849437420957 487.0182937675891
722.8784908542556 724.6432882419749
76.07520555940627 872.5114416578157
742.0949274033577 217.15847644831743
583.9269305909431 329.9490169671782
192.2192500179749 1.9641396397986899
19.12846663706769 258.27494565497557
797.2268513057699 740.0413991315189
763.9594911428597 549.7684415243187
471.5505726470368 82.17255808445655
196.2274757771312 223.6873053210915
871.1758649387817 34.25180097515113
504.88237617227026 252.87077262901093
364.36708120995445 875.9883631642091
304.86153953249294 209.64474784104036
847.3788068182294 134.2905532332954
682.8116570865121 548.0090383907117
968.761307431581 89.28100884403567
545.3030342526888 223.765568827913
899.5480931350264 666.0591911109939
165.26000505165507 426.30755059984125
117.67713413463832 372.2841945934099
156.1701775444142 535.209053064201
28.448779924567624 486.25885797114023
148.2181990332061 851.8375771109174
521.8655441333519 61.7573635054689
930.4577579706694 211.99307950237056
780.9891847897703 448.858083814915
966.1368440471358 257.39094817435347
62.184300906588334 395.39208040399143
160.42903240839345 441.59403310529433
73.29002528900097 211.31090346743252
662.1945562635378 130.6990081955004
554.8594030477154 573.7387228853419
110.52441626193942 86.00289779099124
803.5632111010045 205.07740220186955
127.36521350392871 159.62627354335558
453.5056931757928 337.68404029239395
990.9356682462688 801.9557476858288
407.3796685172333 380.0188025021172
165.8138201749173 479.94496762048453
312.4621834638062 772.302905032298
517.4118346721892 101.1355333696058
796.9196222615889 86.89579546682546
190.37496042464787 577.7601848433309
647.9551823363978 661.0697057107404
823.3628115201042 405.7886731420939
457.1243227117103 768.4060141065563
539.6163741030242 216.29088828373887
189.15767087019586 174.51705579753818
717.2137104696108 86.0475959217244
580.4046639410736 755.9646680401115
616.5889244501823 860.9549404236965
37.821326437146084 309.0286975889871
617.8388412093152 745.9555192630694
512.028293582307 477.15071205342775
722.1311637825904 983.3809404037847
915.7280517070643 388.27937222540544
658.628360166371 980.9161652241233
287.6765849715206 998.5906244756216
241.81038694516488 594.5979777954453
863.9586535226556 274.76608906868427
786.9894886446216 167.2390280279805
844.8745291130582 156.70536203141648
971.0753004992081 463.2898150593019
661.3018695663728 734.9536884371304
956.6562033898678 625.7057082486634
892.935477368306 861.3266464209479
389.74265529893603 534.9300165120792
939.5415911907983 867.6521360952098
17.36356826285368 586.8518707939265
466.8465730666469 227.92480694188643
571.0927098571199 52.52142487774813
662.8487324867793 944.2404809926521
152.760684058564 771.8360513491334
616.6474219948363 994.2990125889222
984.0374704202408 343.6195042830854
218.86558276553546 464.64706632066765
497.13184763209097 285.28013860169256
982.4002744618972 113.41961449900317
554.1716123294062 403.93232914984026
697.6198368382198 554.2617254457072
815.5081196274683 273.36205209232367
43.30201361824737 849.3567218566747
767.4422366796363 716.8495257412027
136.43006286524462 116.60856413824905
26.228573875288987 384.68247330163854
104.55232768370593 793.1964042212143
723.0636369636272 87.51635460629603
325.4663926424992 257.5573943792171
879.2540969594238 960.1436058040563
900.720828344866 700.0637801415024
888.5228293162526 37.152808981165464
168.10783836543752 992.8289487176993
893.2121030719809 258.37699726882636
460.22198505711833 885.0468198790178
573.4441306231133 364.79129513759244